3 0.9191823939614987 0.7228577362249544 0.06081728939260955 0.013469601006416951
3 0.9200750162791945 0.43991288879869506 0.0617919742116176 0.014036599899134644
3 0.9204036969930861 0.2806187475191216 0.06179197421161746 0.013611248387039723
4 0.4488061784024129 0.5671212158101113 0.03735008112404351 0.1666604561026731
0 0.40652588656999555 0.6015360199705241 0.016135235045586782 0.019720842833494814
2 0.3307723184345291 0.4329421479037828 0.011952025959693842 0.014307278134104137
2 0.25577335553744973 0.4683236600462297 0.012549627257678608 0.015467327712545114
2 0.34287374471871906 0.6009559951813034 0.011653225310701638 0.015467327712545604
2 0.5366459655902566 0.6249303531357484 0.011354424661709012 0.01546732771254473
0 0.5254409412530433 0.6566383749464646 0.01583643439659406 0.019334159640681456
0 0.5246939396305627 0.7043937492589482 0.014940032449617462 0.020494209219122213
0 0.5520341990133626 0.6964667438062694 0.016434035694579307 0.020107526026308734
0 0.5698128376284073 0.6964667438062694 0.016732836343571336 0.01933415964068132
0 0.613587132705786 0.6995602093487782 0.01583643439659426 0.01933415964068147
0 0.6270331619104419 0.6813860992865378 0.016434035694579095 0.01933415964068118
0 0.48943546304946506 0.6028894111453713 0.015537633747602081 0.020107526026308456
0 0.5046742961480751 0.6028894111453712 0.014342431151632862 0.021654258797563313
0 0.33062291811003275 0.5015784146282014 0.016434035694579095 0.019334159640681393
0 0.3472063541291077 0.5013850730317941 0.015537633747602492 0.019720842833494977
0 0.37320201059144176 0.5114388360449482 0.016135235045586567 0.020494209219122626
0 0.3899348469350138 0.5112454944485417 0.014342431151632721 0.019334159640681386
0 0.5260385425510282 0.4159280874199833 0.01583643439659447 0.020494209219122154
0 0.5862468733229863 0.4022008340750995 0.015537633747602229 0.019334159640681393
0 0.34675815315561953 0.34458503834586923 0.016434035694579022 0.02088089241193579
0 0.27504599739745567 0.3443916967494621 0.016434035694579196 0.01972084283349512
0 0.23948872016736675 0.4774107150773499 0.01583643439659447 0.021267575604749567
0 0.24397072990225196 0.513565593605424 0.015836434396594434 0.02010752602630859
0 0.27071338798706707 0.5141456183946445 0.016135235045586713 0.018947476447867758
0 0.28834262627761564 0.5147256431838649 0.01494003244961739 0.018560793255054123
3 0.19153121600409492 0.5112454944485423 0.017928038939540838 0.02165425879756314
1 0.2559227558619459 0.4312020735361215 0.017031636992563756 0.02010752602630859
1 0.2713109892850517 0.4851443789336222 0.01613523504558657 0.020494209219122306
1 0.28908962790009657 0.4851443789336225 0.016434035694579092 0.02049420921912222
1 0.33062291811003286 0.46503685290731384 0.0158364343965944 0.021267575604749425
1 0.3726044092934578 0.47509061592046814 0.016732836343571547 0.019720842833495025
1 0.37125980637299205 0.6019227031633376 0.01583643439659447 0.021267575604749567
1 0.569663437303911 0.6251236947321551 0.016434035694578953 0.020494209219122084
1 0.6273319625594342 0.6518048350362952 0.01643403569457918 0.020494209219121637
1 0.551585998039874 0.6663054547668065 0.015537633747602086 0.01933415964068132
1 0.5690658360059264 0.6664987963632132 0.0158364343965943 0.020494209219122473
1 0.5860974729984902 0.3697194458787548 0.016434035694579095 0.02088089241193593
5 0.6262861602879609 0.7529224899570588 0.008366418171785739 0.007733663856272415
5 0.6451106011744789 0.7339750135091911 0.004183209085892798 0.010827129398781494
5 0.6567638264851804 0.7196677353750869 0.011952025959693913 0.007733663856272557
5 0.5941650905212836 0.7192810521822733 0.010458022714731997 0.006960297470645287
5 0.6079099203749315 0.7335883303163775 0.0038844084369006283 0.010053763013154225
5 0.6138859333547786 0.7192810521822733 0.006274813628839269 0.006186931085018159
5 0.6264355606124571 0.7198610769714935 0.011055624012716904 0.00657361427783158
5 0.6392839885191277 0.7198610769714935 0.006274813628839266 0.005026881506577181
5 0.5491955928479352 0.7192810521822733 0.005976012979846956 0.004640198313763477
5 0.5239469380080819 0.7188943689894597 0.004482009734885324 0.004640198313763619
5 0.5364965652657604 0.7198610769714938 0.0116532253107016 0.00812034704908612
5 0.5364965652657605 0.7130941210972552 0.006274813628839411 0.010827129398781494
5 0.6268837615859456 0.7142541706756961 0.005378411681862261 0.008507030241899685
5 0.5363471649412642 0.6724923858518244 0.010159222065739826 0.010053763013154225
5 0.5367953659147529 0.6649520635919588 0.005677212330854715 0.011213812591595058
5 0.4359501468798354 0.6628253060314839 0.004780810383877565 0.014693961326917844
5 0.448499774137514 0.6632119892242975 0.004780810383877565 0.013147228555663304
5 0.4752424322223292 0.6334373833776482 0.011055624012716835 0.007733663856272486
5 0.4753918325468253 0.5709880477382474 0.011354424661709252 0.007346980663459071
5 0.4216077157282027 0.6336307249740549 0.010756823363724521 0.007346980663458922
5 0.4220559167016913 0.570408022949027 0.01165322531070153 0.006186931085018017
5 0.4253427238406071 0.5317397036676644 0.005677212330854573 0.018560793255054123
5 0.42608972546308793 0.5153056679730852 0.003585607787908174 0.007346980663458851
5 0.3309217187590252 0.5272928469503076 0.003884408436900557 0.010440446205967931
5 0.3472063541291081 0.528066213335935 0.004780810383877494 0.010440446205967789
5 0.37245500896896144 0.531739703667664 0.006274813628839229 0.0038668319281361346
5 0.38918784531253303 0.5313530204748507 0.006872414926824035 0.0030934655425088665
5 0.18510700205075942 0.5361865603850211 0.00747001622480866 0.005800247892204311
5 0.19989763417588066 0.5272928469503078 0.005378411681862225 0.0112138125915952
5 0.2553251545639611 0.5363799019814279 0.01105562401271687 0.006960297470645145
5 0.2557733555374497 0.5298062877035963 0.005976012979846956 0.009280396627527025
5 0.2556239552129535 0.4967448747180312 0.009860421416747478 0.007346980663458922
5 0.2556239552129535 0.48939789405457235 0.006274813628839304 0.009667079820340731
5 0.27340259382799803 0.5454669570125481 0.005378411681862465 0.010440446205967922
5 0.30492606229669084 0.5522339128867867 0.010458022714732174 0.007733663856272486
5 0.30552366359467553 0.5361865603850211 0.010458022714732174 0.00812034704908605
5 0.26623137825218185 0.40046075970743816 0.006573614277831723 0.014307278134104208
5 0.25233714807403773 0.3867335063625543 0.006872414926824071 0.004640198313763548
5 0.2659325776031895 0.37899984250628194 0.004780810383877636 0.007733663856272486
5 0.2675759811726474 0.36295249000451635 0.009860421416747478 0.012760545362849669
5 0.282665413946761 0.36333917319733006 0.005976012979846956 0.007346980663458922
5 0.2883426262776156 0.3472918206955646 0.004780810383877565 0.009280396627527025
5 0.29865124866785137 0.3633391731973299 0.011653225310701293 0.006573614277831561
5 0.3386905356328262 0.3641125395829573 0.01045802271473228 0.011213812591595271
5 0.32449750480568973 0.38712018955536803 0.008964019469770363 0.006960297470645287
5 0.3374953330368568 0.40104078449665864 0.005677212330854644 0.013147228555663304
5 0.337644733361353 0.37957986729550236 0.005976012979846956 0.006573614277831581
5 0.3545269700294206 0.3635325147937368 0.006872414926823964 0.006960297470645216
5 0.36065238333376376 0.34806518708119183 0.004780810383877565 0.010827129398781565
5 0.3694670024790381 0.36372585639014365 0.010458022714732139 0.007346980663458851
5 0.3953132586168761 0.40084744290025187 0.006573614277831581 0.0119871789772224
5 0.39546265894137234 0.3637258563901436 0.005677212330854573 0.008120347049086192
5 0.3956120592658685 0.38267333283801136 0.00537841168186219 0.0119871789772224
5 0.44879857478650637 0.4764440070953158 0.006573614277831652 0.004640198313763406
5 0.46343980658713135 0.4360356134462918 0.011952025959693842 0.007346980663458851
5 0.5136383156178458 0.43661563823551236 0.010756823363724521 0.006960297470645216
5 0.5263373432000206 0.43622895504269865 0.006274813628839269 0.007733663856272486
5 0.5391857711066915 0.46194338736480484 0.010458022714732139 0.007346980663458993
5 0.5517353983643701 0.4364222966391055 0.006872414926823964 0.007346980663458851
5 0.5633886236750717 0.4364222966391055 0.0116532253107016 0.007346980663458851
5 0.5857986723494978 0.42791526639720573 0.0050796110328699485 0.009667079820340731
5 0.5388869704576992 0.43680897983191913 0.012250826608686226 0.007346980663458851
5 0.5388869704576992 0.43023536555408753 0.005079611032869877 0.008893713434713462
